sim_matrix = [[1.0, 0.1111111111111111, 0.1702127659574468, 0.5555555555555556, 0.16, 0.38461538461538464, 0.14953271028037382, 0.11827956989247312, 0.18604651162790697, 0.15, 0.11827956989247312, 0.10843373493975904, 0.11214953271028037, 0.11627906976744186, 0.11235955056179775, 0.2073170731707317, 0.10752688172043011, 0.06315789473684211, 0.175, 0.11702127659574468, 0.07317073170731707, 0.07142857142857142, 0.1111111111111111, 1.0, 0.7205882352941176, 0.4177215189873418, 0.7058823529411765, 1.0, 0.5774647887323944, 0.6666666666666666, 0.7058823529411765, 0.4473684210526316, 0.7058823529411765, 0.7575757575757576, 0.11702127659574468, 0.3103448275862069, 0.12371134020618557, 0.19540229885057472, 0.14583333333333334, 0.20930232558139536, 0.12264150943396226, 0.14606741573033707, 0.11827956989247312, 0.11827956989247312, 0.18888888888888888, 0.12631578947368421, 0.1827956989247312, 0.20454545454545456, 0.14457831325301204, 0.12222222222222222, 0.2891566265060241, 0.11224489795918367, 0.09574468085106383, 0.23863636363636365, 0.2413793103448276, 0.20224719101123595, 0.11538461538461539, 0.12087912087912088, 0.20224719101123595, 0.15555555555555556, 0.08695652173913043, 0.18181818181818182, 0.1414141414141414, 0.20481927710843373, 0.11956521739130435, 0.12087912087912088, 0.12087912087912088, 0.125, 0.18478260869565216, 0.10752688172043011, 0.13402061855670103, 0.1951219512195122, 0.6486486486486487, 0.11363636363636363, 0.10869565217391304, 0.14736842105263157, 0.12903225806451613, 0.125, 0.1797752808988764, 0.13043478260869565, 0.09090909090909091, 0.13043478260869565, 0.11578947368421053, 0.10416666666666667, 0.1415929203539823, 0.1320754716981132, 0.1276595744680851, 0.12389380530973451, 0.40229885057471265, 0.1935483870967742, 0.10416666666666667, 0.10752688172043011, 0.1346153846153846, 0.11458333333333333, 0.15625, 0.6111111111111112, 0.10869565217391304, 0.1348314606741573, 0.12844036697247707, 0.10714285714285714, 0.1326530612244898, 0.10377358490566038, 0.10752688172043011, 0.10989010989010989, 0.1368421052631579, 0.11458333333333333, 0.11827956989247312, 0.10416666666666667, 0.10227272727272728, 0.1414141414141414, 0.11, 0.15789473684210525, 0.10869565217391304, 0.19318181818181818, 0.4430379746835443, 0.13186813186813187, 0.14563106796116504, 0.16666666666666666, 0.3902439024390244, 0.0970873786407767, 0.0707070707070707, 0.11214953271028037, 0.11702127659574468, 0.21686746987951808, 0.08602150537634409, 0.14953271028037382, 0.12244897959183673, 0.14893617021276595, 0.16304347826086957, 0.14285714285714285, 0.13186813186813187, 0.1276595744680851, 0.18181818181818182, 0.2087912087912088, 0.1276595744680851, 0.11224489795918367, 0.08333333333333333, 0.1326530612244898, 0.06666666666666667, 0.15, 0.13186813186813187], [0.1111111111111111, 1.0, 0.07547169811320754, 0.08411214953271028, 0.1320754716981132, 0.10891089108910891, 0.14414414414414414, 0.09090909090909091, 0.09278350515463918, 0.054945054945054944, 0.10204081632653061, 0.06666666666666667, 0.14953271028037382, 0.07526881720430108, 0.09574468085106383, 0.07291666666666667, 0.15053763440860216, 0.07142857142857142, 0.11363636363636363, 0.11224489795918367, 0.033707865168539325, 0.09302325581395349, 0.08045977011494253, 0.1111111111111111, 0.11009174311926606, 0.08411214953271028, 0.1111111111111111, 0.1111111111111111, 0.09433962264150944, 0.11206896551724138, 0.1111111111111111, 0.08571428571428572, 0.1111111111111111, 0.10091743119266056, 0.10101010101010101, 0.09259259259259259, 0.0660377358490566, 0.06930693069306931, 0.05555555555555555, 0.08, 0.1388888888888889, 0.0707070707070707, 0.10204081632653061, 0.09090909090909091, 0.0673076923076923, 0.09900990099009901, 0.06542056074766354, 0.0784313725490196, 0.06451612903225806, 0.09375, 0.09900990099009901, 0.08653846153846154, 0.10309278350515463, 0.08653846153846154, 0.08737864077669903, 0.07766990291262135, 0.1650485436893204, 0.0707070707070707, 0.0673076923076923, 0.08, 0.1834862385321101, 0.1134020618556701, 0.17, 0.07216494845360824, 0.10309278350515463, 0.10416666666666667, 0.10416666666666667, 0.14035087719298245, 0.0660377358490566, 0.08080808080808081, 0.15151515151515152, 0.0851063829787234, 0.125, 0.0967741935483871, 0.08163265306122448, 0.08653846153846154, 0.07920792079207921, 0.10891089108910891, 0.11224489795918367, 0.08, 0.05263157894736842, 0.06930693069306931, 0.0784313725490196, 0.14583333333333334, 0.14655172413793102, 0.1588785046728972, 0.1, 0.1391304347826087, 0.08620689655172414, 0.07476635514018691, 0.0784313725490196, 0.08080808080808081, 0.14018691588785046, 0.11, 0.11650485436893204, 0.1111111111111111, 0.08163265306122448, 0.08247422680412371, 0.14414414414414414, 0.05434782608695652, 0.12745098039215685, 0.12037037037037036, 0.16304347826086957, 0.09375, 0.12, 0.11, 0.10204081632653061, 0.0784313725490196, 0.06315789473684211, 0.10377358490566038, 0.08490566037735849, 0.08571428571428572, 0.06, 0.07920792079207921, 0.09259259259259259, 0.11458333333333333, 0.0990990990990991, 0.10101010101010101, 0.07272727272727272, 0.15841584158415842, 0.1956521739130435, 0.14953271028037382, 0.10101010101010101, 0.08247422680412371, 0.08247422680412371, 0.08547008547008547, 0.10679611650485436, 0.09803921568627451, 0.12121212121212122, 0.16, 0.10309278350515463, 0.14583333333333334, 0.12037037037037036, 0.07547169811320754, 0.1, 0.1414141414141414, 0.09090909090909091, 0.12745098039215685, 0.05, 0.14285714285714285, 0.10309278350515463], [0.1702127659574468, 0.07547169811320754, 1.0, 0.16483516483516483, 0.1702127659574468, 0.21428571428571427, 0.11428571428571428, 0.18072289156626506, 0.18518518518518517, 0.2112676056338028, 0.15294117647058825, 0.34375, 0.1188118811881188, 0.3235294117647059, 0.09411764705882353, 0.1625, 0.12790697674418605, 0.15853658536585366, 0.15789473684210525, 0.13793103448275862, 0.07894736842105263, 0.09090909090909091, 0.09090909090909091, 0.1702127659574468, 0.18085106382978725, 0.2619047619047619, 0.15789473684210525, 0.1702127659574468, 0.23255813953488372, 0.1553398058252427, 0.15789473684210525, 0.18181818181818182, 0.15789473684210525, 0.1702127659574468, 0.1511627906976744, 0.27058823529411763, 0.5147058823529411, 0.1951219512195122, 0.3333333333333333, 0.2564102564102564, 0.10784313725490197, 0.6, 0.15294117647058825, 0.15294117647058825, 0.18823529411764706, 0.1744186046511628, 0.18181818181818182, 0.20481927710843373, 0.5084745762711864, 0.1875, 0.21686746987951808, 0.14444444444444443, 0.1411764705882353, 0.2261904761904762, 0.2, 0.23170731707317074, 0.1, 0.43283582089552236, 0.18823529411764706, 0.13953488372093023, 0.08181818181818182, 0.16666666666666666, 0.13829787234042554, 0.23684210526315788, 0.1411764705882353, 0.1566265060240964, 0.17073170731707318, 0.1111111111111111, 0.1839080459770115, 0.1411764705882353, 0.10638297872340426, 0.19480519480519481, 0.1717171717171717, 0.15, 0.1566265060240964, 0.3037974683544304, 0.3026315789473684, 0.2289156626506024, 0.16470588235294117, 0.30666666666666664, 0.30434782608695654, 0.2894736842105263, 0.28205128205128205, 0.1111111111111111, 0.09821428571428571, 0.11764705882352941, 0.17647058823529413, 0.11009174311926606, 0.1958762886597938, 0.19318181818181818, 0.13636363636363635, 0.1411764705882353, 0.09803921568627451, 0.16091954022988506, 0.16666666666666666, 0.1827956989247312, 0.2972972972972973, 0.3013698630136986, 0.09345794392523364, 0.3181818181818182, 0.12903225806451613, 0.11, 0.11494252873563218, 0.14457831325301204, 0.14606741573033707, 0.1348314606741573, 0.13953488372093023, 0.14942528735632185, 0.3382352941176471, 0.15053763440860216, 0.2804878048780488, 0.3333333333333333, 0.2972972972972973, 0.3026315789473684, 0.21348314606741572, 0.15476190476190477, 0.14285714285714285, 0.13793103448275862, 0.18681318681318682, 0.10309278350515463, 0.08695652173913043, 0.0970873786407767, 0.13793103448275862, 0.20253164556962025, 0.13095238095238096, 0.3, 0.14285714285714285, 0.1724137931034483, 0.14772727272727273, 0.11578947368421053, 0.1411764705882353, 0.14942528735632185, 0.15625, 0.18181818181818182, 0.16279069767441862, 0.11956521739130435, 0.12643678160919541, 0.12903225806451613, 0.07246376811594203, 0.11688311688311688, 0.1411764705882353], [0.5555555555555556, 0.08411214953271028, 0.16483516483516483, 1.0, 0.14285714285714285, 0.38666666666666666, 0.09174311926605505, 0.12359550561797752, 0.18072289156626506, 0.1891891891891892, 0.12359550561797752, 0.1282051282051282, 0.05504587155963303, 0.12195121951219512, 0.06741573033707865, 0.21794871794871795, 0.11235955056179775, 0.07777777777777778, 0.1111111111111111, 0.10989010989010989, 0.07692307692307693, 0.06172839506172839, 0.06172839506172839, 0.5555555555555556, 0.765625, 0.5652173913043478, 0.5774647887323944, 0.5555555555555556, 0.8305084745762712, 0.47560975609756095, 0.5774647887323944, 0.325, 0.5774647887323944, 0.5342465753424658, 0.12222222222222222, 0.4473684210526316, 0.14130434782608695, 0.20481927710843373, 0.13978494623655913, 0.20481927710843373, 0.06481481481481481, 0.15294117647058825, 0.12359550561797752, 0.12359550561797752, 0.21176470588235294, 0.13186813186813187, 0.20454545454545456, 0.2, 0.1518987341772152, 0.12790697674418605, 0.19767441860465115, 0.12903225806451613, 0.11235955056179775, 0.19318181818181818, 0.19540229885057472, 0.19767441860465115, 0.05660377358490566, 0.13953488372093023, 0.21176470588235294, 0.08695652173913043, 0.08035714285714286, 0.12359550561797752, 0.07920792079207921, 0.2, 0.11235955056179775, 0.12643678160919541, 0.11363636363636363, 0.07017543859649122, 0.20689655172413793, 0.125, 0.0707070707070707, 0.20512820512820512, 0.5324675324675324, 0.13253012048192772, 0.12643678160919541, 0.11702127659574468, 0.10989010989010989, 0.13043478260869565, 0.12222222222222222, 0.13636363636363635, 0.12195121951219512, 0.1111111111111111, 0.10869565217391304, 0.10869565217391304, 0.07758620689655173, 0.07407407407407407, 0.12087912087912088, 0.06956521739130435, 0.40476190476190477, 0.20224719101123595, 0.13333333333333333, 0.16470588235294117, 0.07547169811320754, 0.11956521739130435, 0.11458333333333333, 0.6470588235294118, 0.10112359550561797, 0.11494252873563218, 0.07207207207207207, 0.15584415584415584, 0.11458333333333333, 0.056074766355140186, 0.1, 0.12790697674418605, 0.10638297872340426, 0.11956521739130435, 0.1111111111111111, 0.12087912087912088, 0.10714285714285714, 0.11224489795918367, 0.10309278350515463, 0.1276595744680851, 0.10112359550561797, 0.18823529411764706, 0.4473684210526316, 0.125, 0.11764705882352941, 0.09782608695652174, 0.25, 0.06862745098039216, 0.0625, 0.05504587155963303, 0.12222222222222222, 0.22784810126582278, 0.0898876404494382, 0.1553398058252427, 0.11578947368421053, 0.14285714285714285, 0.17045454545454544, 0.1368421052631579, 0.1511627906976744, 0.12087912087912088, 0.16494845360824742, 0.24705882352941178, 0.13333333333333333, 0.12903225806451613, 0.08695652173913043, 0.11458333333333333, 0.05555555555555555, 0.07317073170731707, 0.1511627906976744], [0.16, 0.1320754716981132, 0.1702127659574468, 0.14285714285714285, 1.0, 0.16129032258064516, 0.11818181818181818, 0.11827956989247312, 0.21428571428571427, 0.3333333333333333, 0.10638297872340426, 0.15, 0.12264150943396226, 0.1566265060240964, 0.125, 0.1511627906976744, 0.1839080459770115, 0.08602150537634409, 0.13253012048192772, 0.16666666666666666, 0.047619047619047616, 0.08433734939759036, 0.13924050632911392, 0.16, 0.15841584158415842, 0.14285714285714285, 0.1485148514851485, 0.16, 0.13131313131313133, 0.14678899082568808, 0.1485148514851485, 0.1702127659574468, 0.1485148514851485, 0.1485148514851485, 0.11702127659574468, 0.14, 0.17204301075268819, 0.20930232558139536, 0.1702127659574468, 0.2235294117647059, 0.11214953271028037, 0.1724137931034483, 0.11827956989247312, 0.11827956989247312, 0.2159090909090909, 0.10309278350515463, 0.2087912087912088, 0.21839080459770116, 0.1875, 0.12222222222222222, 0.25882352941176473, 0.11224489795918367, 0.09574468085106383, 0.2247191011235955, 0.22727272727272727, 0.2159090909090909, 0.1262135922330097, 0.18604651162790697, 0.20224719101123595, 0.14285714285714285, 0.07758620689655173, 0.15555555555555556, 0.13, 0.21951219512195122, 0.10752688172043011, 0.12087912087912088, 0.0967741935483871, 0.10526315789473684, 0.2111111111111111, 0.10752688172043011, 0.12244897959183673, 0.20987654320987653, 0.1509433962264151, 0.11363636363636363, 0.10869565217391304, 0.17204301075268819, 0.15384615384615385, 0.2, 0.15384615384615385, 0.14285714285714285, 0.1566265060240964, 0.16853932584269662, 0.13978494623655913, 0.13978494623655913, 0.10256410256410256, 0.12149532710280374, 0.1276595744680851, 0.10434782608695652, 0.1619047619047619, 0.20652173913043478, 0.11578947368421053, 0.13186813186813187, 0.11320754716981132, 0.10309278350515463, 0.1935483870967742, 0.16, 0.14606741573033707, 0.16091954022988506, 0.10810810810810811, 0.17721518987341772, 0.1326530612244898, 0.13592233009708737, 0.17045454545454544, 0.10989010989010989, 0.18681318681318682, 0.08080808080808081, 0.16853932584269662, 0.11578947368421053, 0.1411764705882353, 0.17708333333333334, 0.14432989690721648, 0.1702127659574468, 0.14606741573033707, 0.15384615384615385, 0.17525773195876287, 0.17045454545454544, 0.16831683168316833, 0.14130434782608695, 0.15151515151515152, 0.0970873786407767, 0.09278350515463918, 0.12264150943396226, 0.16666666666666666, 0.18823529411764706, 0.07446808510638298, 0.14953271028037382, 0.15789473684210525, 0.17391304347826086, 0.10309278350515463, 0.12, 0.19767441860465115, 0.16483516483516483, 0.15841584158415842, 0.1702127659574468, 0.10416666666666667, 0.2111111111111111, 0.07216494845360824, 0.16842105263157894, 0.06666666666666667, 0.13580246913580246, 0.19767441860465115], [0.38461538461538464, 0.10891089108910891, 0.21428571428571427, 0.38666666666666666, 0.16129032258064516, 1.0, 0.11650485436893204, 0.14285714285714285, 0.2702702702702703, 0.23529411764705882, 0.14285714285714285, 0.12, 0.07766990291262135, 0.14285714285714285, 0.10975609756097561, 0.3188405797101449, 0.15853658536585366, 0.06896551724137931, 0.11688311688311688, 0.1411764705882353, 0.0958904109589041, 0.07894736842105263, 0.09333333333333334, 0.38461538461538464, 0.379746835443038, 0.3684210526315789, 0.38461538461538464, 0.38461538461538464, 0.4647887323943662, 0.39285714285714285, 0.38461538461538464, 0.2, 0.38461538461538464, 0.4025974025974026, 0.12790697674418605, 0.2619047619047619, 0.16091954022988506, 0.3333333333333333, 0.10869565217391304, 0.45454545454545453, 0.07766990291262135, 0.189873417721519, 0.14285714285714285, 0.14285714285714285, 0.32, 0.13793103448275862, 0.3076923076923077, 0.3424657534246575, 0.1917808219178082, 0.17721518987341772, 0.33783783783783783, 0.1348314606741573, 0.10465116279069768, 0.32894736842105265, 0.3333333333333333, 0.33783783783783783, 0.08, 0.16049382716049382, 0.32, 0.12941176470588237, 0.09345794392523364, 0.14285714285714285, 0.10526315789473684, 0.3142857142857143, 0.11764705882352941, 0.13253012048192772, 0.11904761904761904, 0.09259259259259259, 0.32894736842105265, 0.14457831325301204, 0.0967741935483871, 0.30434782608695654, 0.3902439024390244, 0.13924050632911392, 0.13253012048192772, 0.1744186046511628, 0.15476190476190477, 0.12359550561797752, 0.15476190476190477, 0.11627906976744186, 0.1, 0.1566265060240964, 0.11363636363636363, 0.13953488372093023, 0.09009009009009009, 0.09803921568627451, 0.15294117647058825, 0.09174311926605505, 0.1875, 0.32051282051282054, 0.13953488372093023, 0.14457831325301204, 0.0891089108910891, 0.125, 0.13186813186813187, 0.30120481927710846, 0.10588235294117647, 0.1625, 0.09523809523809523, 0.1038961038961039, 0.13186813186813187, 0.09, 0.15853658536585366, 0.13414634146341464, 0.13636363636363635, 0.125, 0.14285714285714285, 0.12643678160919541, 0.15584415584415584, 0.12903225806451613, 0.10752688172043011, 0.13333333333333333, 0.09302325581395349, 0.15476190476190477, 0.20454545454545456, 0.15853658536585366, 0.12244897959183673, 0.15476190476190477, 0.20454545454545456, 0.10526315789473684, 0.10112359550561797, 0.07766990291262135, 0.1411764705882353, 0.3880597014925373, 0.12048192771084337, 0.17346938775510204, 0.14606741573033707, 0.17647058823529413, 0.1927710843373494, 0.18181818181818182, 0.14457831325301204, 0.18072289156626506, 0.18478260869565216, 0.34210526315789475, 0.13953488372093023, 0.14772727272727273, 0.12941176470588237, 0.14444444444444443, 0.07462686567164178, 0.12, 0.14457831325301204], [0.14953271028037382, 0.14414414414414414, 0.11428571428571428, 0.09174311926605505, 0.11818181818181818, 0.11650485436893204, 1.0, 0.12121212121212122, 0.12371134020618557, 0.06451612903225806, 0.08823529411764706, 0.05319148936170213, 0.75, 0.061855670103092786, 0.13978494623655913, 0.10416666666666667, 0.14583333333333334, 0.06930693069306931, 0.14772727272727273, 0.12, 0.09195402298850575, 0.0898876404494382, 0.1411764705882353, 0.14953271028037382, 0.14814814814814814, 0.12264150943396226, 0.16037735849056603, 0.14953271028037382, 0.10185185185185185, 0.14782608695652175, 0.16037735849056603, 0.19387755102040816, 0.16037735849056603, 0.14953271028037382, 0.10891089108910891, 0.12037037037037036, 0.07407407407407407, 0.12121212121212122, 0.09345794392523364, 0.1326530612244898, 0.6153846153846154, 0.07920792079207921, 0.12121212121212122, 0.12121212121212122, 0.11764705882352941, 0.09615384615384616, 0.125, 0.13, 0.0625, 0.125, 0.2, 0.11538461538461539, 0.0784313725490196, 0.1485148514851485, 0.15, 0.12871287128712872, 0.782608695652174, 0.05825242718446602, 0.11764705882352941, 0.1935483870967742, 0.40425531914893614, 0.1935483870967742, 0.6216216216216216, 0.12631578947368421, 0.0891089108910891, 0.10101010101010101, 0.10101010101010101, 0.5833333333333334, 0.13725490196078433, 0.1111111111111111, 0.625, 0.11702127659574468, 0.16216216216216217, 0.11702127659574468, 0.11224489795918367, 0.11538461538461539, 0.08737864077669903, 0.08490566037735849, 0.17894736842105263, 0.09900990099009901, 0.04040404040404041, 0.0673076923076923, 0.0970873786407767, 0.13, 0.5632183908045977, 0.7887323943661971, 0.15306122448979592, 0.5764705882352941, 0.1834862385321101, 0.12380952380952381, 0.10784313725490197, 0.1111111111111111, 0.6025641025641025, 0.09615384615384616, 0.1919191919191919, 0.14953271028037382, 0.09, 0.06930693069306931, 0.5662650602409639, 0.041666666666666664, 0.12380952380952381, 0.13761467889908258, 0.13402061855670103, 0.1134020618556701, 0.16161616161616163, 0.11764705882352941, 0.1326530612244898, 0.10784313725490197, 0.061224489795918366, 0.17647058823529413, 0.09259259259259259, 0.13592233009708737, 0.09, 0.07692307692307693, 0.17475728155339806, 0.14583333333333334, 0.19047619047619047, 0.19148936170212766, 0.16346153846153846, 0.15384615384615385, 0.3780487804878049, 0.75, 0.17894736842105263, 0.1134020618556701, 0.10204081632653061, 0.1111111111111111, 0.13592233009708737, 0.15, 0.07547169811320754, 0.14423076923076922, 0.13402061855670103, 0.16494845360824742, 0.1588785046728972, 0.11428571428571428, 0.08653846153846154, 0.13725490196078433, 0.09900990099009901, 0.11320754716981132, 0.10126582278481013, 0.13793103448275862, 0.12244897959183673], [0.11827956989247312, 0.09090909090909091, 0.18072289156626506, 0.12359550561797752, 0.11827956989247312, 0.14285714285714285, 0.12121212121212122, 1.0, 0.21621621621621623, 0.15942028985507245, 0.4838709677419355, 0.1267605633802817, 0.12631578947368421, 0.16666666666666666, 0.07407407407407407, 0.12987012987012986, 0.1518987341772152, 0.2714285714285714, 0.41379310344827586, 0.13414634146341464, 0.07042253521126761, 0.08333333333333333, 0.0684931506849315, 0.11827956989247312, 0.12903225806451613, 0.13636363636363635, 0.10638297872340426, 0.11827956989247312, 0.13636363636363635, 0.13, 0.10638297872340426, 0.18072289156626506, 0.10638297872340426, 0.10638297872340426, 0.6909090909090909, 0.21428571428571427, 0.1411764705882353, 0.21052631578947367, 0.13953488372093023, 0.22666666666666666, 0.10309278350515463, 0.15384615384615385, 0.7358490566037735, 0.7358490566037735, 0.20253164556962025, 0.532258064516129, 0.24050632911392406, 0.22077922077922077, 0.1527777777777778, 0.78, 0.23376623376623376, 0.6724137931034483, 0.46774193548387094, 0.24358974358974358, 0.21518987341772153, 0.3013698630136986, 0.10638297872340426, 0.13924050632911392, 0.20253164556962025, 0.5333333333333333, 0.0970873786407767, 0.7358490566037735, 0.09782608695652174, 0.2054794520547945, 0.46774193548387094, 0.6363636363636364, 0.38461538461538464, 0.09615384615384616, 0.2597402597402597, 0.6851851851851852, 0.08888888888888889, 0.2112676056338028, 0.15789473684210525, 0.7551020408163265, 0.6071428571428571, 0.1411764705882353, 0.14814814814814814, 0.12941176470588237, 0.6607142857142857, 0.13580246913580246, 0.12, 0.15, 0.14634146341463414, 0.13253012048192772, 0.09345794392523364, 0.10204081632653061, 0.14634146341463414, 0.09523809523809523, 0.15789473684210525, 0.17857142857142858, 0.6206896551724138, 0.6545454545454545, 0.09278350515463918, 0.484375, 0.1511627906976744, 0.13043478260869565, 0.13924050632911392, 0.14102564102564102, 0.08823529411764706, 0.125, 0.125, 0.09375, 0.1518987341772152, 0.78, 0.14285714285714285, 0.09195402298850575, 0.13580246913580246, 0.6785714285714286, 0.14864864864864866, 0.14772727272727273, 0.125, 0.12643678160919541, 0.125, 0.12048192771084337, 0.1724137931034483, 0.1375, 0.15217391304347827, 0.5245901639344263, 0.12087912087912088, 0.07446808510638298, 0.10588235294117647, 0.10309278350515463, 0.13414634146341464, 0.15584415584415584, 0.1125, 0.15625, 0.12643678160919541, 0.12941176470588237, 0.46153846153846156, 0.13636363636363635, 0.1375, 0.14634146341463414, 0.12903225806451613, 0.15294117647058825, 0.5161290322580645, 0.15476190476190477, 0.12195121951219512, 0.125, 0.0625, 0.23076923076923078, 0.1375], [0.18604651162790697, 0.09278350515463918, 0.18518518518518517, 0.18072289156626506, 0.21428571428571427, 0.2702702702702703, 0.12371134020618557, 0.21621621621621623, 1.0, 0.25806451612903225, 0.16883116883116883, 0.14705882352941177, 0.07142857142857142, 0.15492957746478872, 0.11842105263157894, 0.2878787878787879, 0.17105263157894737, 0.10126582278481013, 0.1267605633802817, 0.12345679012345678, 0.08823529411764706, 0.07042253521126761, 0.08571428571428572, 0.18604651162790697, 0.1839080459770115, 0.225, 0.1724137931034483, 0.18604651162790697, 0.20987654320987653, 0.18085106382978725, 0.1724137931034483, 0.2972972972972973, 0.1724137931034483, 0.18604651162790697, 0.21333333333333335, 0.28205128205128205, 0.15853658536585366, 0.6071428571428571, 0.12941176470588237, 0.6666666666666666, 0.08247422680412371, 0.17333333333333334, 0.21621621621621623, 0.21621621621621623, 0.576271186440678, 0.19230769230769232, 0.5, 0.6140350877192983, 0.15714285714285714, 0.24285714285714285, 0.603448275862069, 0.20253164556962025, 0.15584415584415584, 0.5833333333333334, 0.5932203389830508, 0.603448275862069, 0.07368421052631578, 0.14285714285714285, 0.576271186440678, 0.18421052631578946, 0.09900990099009901, 0.21621621621621623, 0.08791208791208792, 0.6862745098039216, 0.15584415584415584, 0.2571428571428571, 0.1282051282051282, 0.09803921568627451, 0.5079365079365079, 0.20270270270270271, 0.07865168539325842, 0.7142857142857143, 0.2, 0.23529411764705882, 0.2054794520547945, 0.14457831325301204, 0.1518987341772152, 0.13253012048192772, 0.21333333333333335, 0.13924050632911392, 0.1232876712328767, 0.13924050632911392, 0.16455696202531644, 0.15, 0.08490566037735849, 0.09278350515463918, 0.15, 0.0970873786407767, 0.21348314606741572, 0.4696969696969697, 0.19480519480519481, 0.20270270270270271, 0.09473684210526316, 0.17721518987341772, 0.1411764705882353, 0.18604651162790697, 0.15789473684210525, 0.14473684210526316, 0.09, 0.12857142857142856, 0.11494252873563218, 0.10752688172043011, 0.15584415584415584, 0.20833333333333334, 0.13253012048192772, 0.13414634146341464, 0.125, 0.19480519480519481, 0.2028985507246377, 0.13793103448275862, 0.15476190476190477, 0.17073170731707318, 0.1282051282051282, 0.12345679012345678, 0.2345679012345679, 0.14102564102564102, 0.13043478260869565, 0.21333333333333335, 0.20481927710843373, 0.13793103448275862, 0.10843373493975904, 0.07142857142857142, 0.12345679012345678, 0.38095238095238093, 0.16, 0.2247191011235955, 0.11627906976744186, 0.14634146341463414, 0.1625, 0.15294117647058825, 0.12658227848101267, 0.19480519480519481, 0.14444444444444443, 0.3333333333333333, 0.16455696202531644, 0.1728395061728395, 0.16883116883116883, 0.11494252873563218, 0.06451612903225806, 0.14705882352941177, 0.12658227848101267], [0.15, 0.054945054945054944, 0.2112676056338028, 0.1891891891891892, 0.3333333333333333, 0.23529411764705882, 0.06451612903225806, 0.15942028985507245, 0.25806451612903225, 1.0, 0.14285714285714285, 0.2830188679245283, 0.05555555555555555, 0.2857142857142857, 0.08695652173913043, 0.3157894736842105, 0.14492753623188406, 0.1, 0.12903225806451613, 0.1095890410958904, 0.10344827586206896, 0.11864406779661017, 0.1, 0.15, 0.14814814814814814, 0.17333333333333334, 0.13580246913580246, 0.15, 0.15789473684210525, 0.21686746987951808, 0.13580246913580246, 0.16216216216216217, 0.13580246913580246, 0.13580246913580246, 0.15714285714285714, 0.18421052631578946, 0.21428571428571427, 0.3793103448275862, 0.22857142857142856, 0.3793103448275862, 0.05555555555555555, 0.23809523809523808, 0.15942028985507245, 0.15942028985507245, 0.38333333333333336, 0.1527777777777778, 0.36507936507936506, 0.36666666666666664, 0.24561403508771928, 0.16666666666666666, 0.36065573770491804, 0.14864864864864866, 0.12857142857142856, 0.3492063492063492, 0.3548387096774194, 0.36065573770491804, 0.05747126436781609, 0.23809523809523808, 0.36065573770491804, 0.1267605633802817, 0.06315789473684211, 0.15942028985507245, 0.07228915662650602, 0.288135593220339, 0.12857142857142856, 0.16417910447761194, 0.13043478260869565, 0.05154639175257732, 0.3709677419354839, 0.1791044776119403, 0.06172839506172839, 0.34545454545454546, 0.15294117647058825, 0.1746031746031746, 0.16417910447761194, 0.26865671641791045, 0.3064516129032258, 0.2, 0.17391304347826086, 0.21212121212121213, 0.2413793103448276, 0.3114754098360656, 0.22388059701492538, 0.1388888888888889, 0.05, 0.06666666666666667, 0.1232876712328767, 0.05102040816326531, 0.15294117647058825, 0.3384615384615385, 0.18840579710144928, 0.2153846153846154, 0.056179775280898875, 0.136986301369863, 0.11538461538461539, 0.15, 0.23809523809523808, 0.3050847457627119, 0.05319148936170213, 0.2777777777777778, 0.10126582278481013, 0.09411764705882353, 0.12857142857142856, 0.16666666666666666, 0.12, 0.136986301369863, 0.1111111111111111, 0.15492957746478872, 0.19672131147540983, 0.1125, 0.20833333333333334, 0.2112676056338028, 0.21875, 0.19117647058823528, 0.16883116883116883, 0.1791044776119403, 0.10588235294117647, 0.14084507042253522, 0.13924050632911392, 0.07228915662650602, 0.06493506493506493, 0.05555555555555555, 0.1095890410958904, 0.3275862068965517, 0.16666666666666666, 0.1927710843373494, 0.10256410256410256, 0.13513513513513514, 0.136986301369863, 0.11392405063291139, 0.14492753623188406, 0.1388888888888889, 0.10714285714285714, 0.2835820895522388, 0.15492957746478872, 0.1643835616438356, 0.15942028985507245, 0.10126582278481013, 0.14285714285714285, 0.13333333333333333, 0.14492753623188406], [0.11827956989247312, 0.10204081632653061, 0.15294117647058825, 0.12359550561797752, 0.10638297872340426, 0.14285714285714285, 0.08823529411764706, 0.4838709677419355, 0.16883116883116883, 0.14285714285714285, 1.0, 0.1267605633802817, 0.08080808080808081, 0.1506849315068493, 0.07407407407407407, 0.14473684210526316, 0.16666666666666666, 0.390625, 0.41379310344827586, 0.19230769230769232, 0.07042253521126761, 0.08333333333333333, 0.0684931506849315, 0.11827956989247312, 0.12903225806451613, 0.13636363636363635, 0.10638297872340426, 0.11827956989247312, 0.13636363636363635, 0.13, 0.10638297872340426, 0.13953488372093023, 0.10638297872340426, 0.10638297872340426, 0.6607142857142857, 0.18604651162790697, 0.15476190476190477, 0.16455696202531644, 0.13953488372093023, 0.1794871794871795, 0.08080808080808081, 0.15384615384615385, 0.6727272727272727, 0.4838709677419355, 0.1728395061728395, 0.6379310344827587, 0.16666666666666666, 0.175, 0.1527777777777778, 0.5084745762711864, 0.1728395061728395, 0.5396825396825397, 0.5689655172413793, 0.1686746987951807, 0.17073170731707318, 0.1728395061728395, 0.08333333333333333, 0.15384615384615385, 0.15853658536585366, 0.3142857142857143, 0.08653846153846154, 0.4838709677419355, 0.07446808510638298, 0.15789473684210525, 0.5689655172413793, 0.6981132075471698, 0.5254237288135594, 0.07547169811320754, 0.1686746987951807, 0.421875, 0.06521739130434782, 0.16216216216216217, 0.15789473684210525, 0.4827586206896552, 0.38461538461538464, 0.1411764705882353, 0.14814814814814814, 0.12941176470588237, 0.4307692307692308, 0.13580246913580246, 0.13513513513513514, 0.15, 0.14634146341463414, 0.14634146341463414, 0.07339449541284404, 0.08, 0.11904761904761904, 0.07476635514018691, 0.14583333333333334, 0.1927710843373494, 0.42424242424242425, 0.421875, 0.08163265306122448, 0.6101694915254238, 0.125, 0.13043478260869565, 0.13924050632911392, 0.14102564102564102, 0.09900990099009901, 0.125, 0.1, 0.07142857142857142, 0.1375, 0.48333333333333334, 0.11627906976744186, 0.06741573033707865, 0.10843373493975904, 0.4461538461538462, 0.14864864864864866, 0.14772727272727273, 0.125, 0.12643678160919541, 0.125, 0.12048192771084337, 0.1590909090909091, 0.10975609756097561, 0.13978494623655913, 0.32857142857142857, 0.13333333333333333, 0.08602150537634409, 0.11904761904761904, 0.08080808080808081, 0.10714285714285714, 0.17105263157894737, 0.08536585365853659, 0.15625, 0.10112359550561797, 0.10344827586206896, 0.5833333333333334, 0.13636363636363635, 0.10975609756097561, 0.14634146341463414, 0.10526315789473684, 0.1951219512195122, 0.6206896551724138, 0.1411764705882353, 0.08235294117647059, 0.1, 0.0625, 0.23076923076923078, 0.10975609756097561], [0.10843373493975904, 0.06666666666666667, 0.34375, 0.1282051282051282, 0.15, 0.12, 0.05319148936170213, 0.1267605633802817, 0.14705882352941177, 0.2830188679245283, 0.1267605633802817, 1.0, 0.04395604395604396, 0.6744186046511628, 0.056338028169014086, 0.13636363636363635, 0.0821917808219178, 0.11594202898550725, 0.12903225806451613, 0.08, 0.0847457627118644, 0.13793103448275862, 0.08196721311475409, 0.10843373493975904, 0.12048192771084337, 0.14285714285714285, 0.09523809523809523, 0.10843373493975904, 0.1282051282051282, 0.12222222222222222, 0.09523809523809523, 0.10256410256410256, 0.09523809523809523, 0.09523809523809523, 0.125, 0.13924050632911392, 0.3492063492063492, 0.15942028985507245, 0.5087719298245614, 0.15942028985507245, 0.04395604395604396, 0.39285714285714285, 0.1267605633802817, 0.1267605633802817, 0.1527777777777778, 0.136986301369863, 0.14666666666666667, 0.15492957746478872, 0.4489795918367347, 0.1323529411764706, 0.1527777777777778, 0.11842105263157894, 0.11267605633802817, 0.14864864864864866, 0.1506849315068493, 0.1527777777777778, 0.045454545454545456, 0.56, 0.1527777777777778, 0.0958904109589041, 0.041237113402061855, 0.1267605633802817, 0.05952380952380952, 0.20634920634920634, 0.11267605633802817, 0.13043478260869565, 0.13043478260869565, 0.04081632653061224, 0.14864864864864866, 0.12857142857142856, 0.04878048780487805, 0.1935483870967742, 0.11363636363636363, 0.13846153846153847, 0.18181818181818182, 0.49122807017543857, 0.5576923076923077, 0.3125, 0.125, 0.6, 0.7142857142857143, 0.5384615384615384, 0.6078431372549019, 0.07894736842105263, 0.039603960396039604, 0.054945054945054944, 0.09333333333333334, 0.04040404040404041, 0.12643678160919541, 0.14473684210526316, 0.1232876712328767, 0.12857142857142856, 0.044444444444444446, 0.12162162162162163, 0.0875, 0.12195121951219512, 0.6595744680851063, 0.5714285714285714, 0.042105263157894736, 0.7692307692307693, 0.07407407407407407, 0.09411764705882353, 0.0821917808219178, 0.1323529411764706, 0.09090909090909091, 0.136986301369863, 0.08108108108108109, 0.17142857142857143, 0.5531914893617021, 0.08536585365853659, 0.5535714285714286, 0.5925925925925926, 0.6595744680851063, 0.5882352941176471, 0.13924050632911392, 0.14492753623188406, 0.08045977011494253, 0.0945945945945946, 0.1111111111111111, 0.07228915662650602, 0.05128205128205128, 0.04395604395604396, 0.08, 0.14925373134328357, 0.14925373134328357, 0.2692307692307692, 0.08860759493670886, 0.12, 0.12162162162162163, 0.07317073170731707, 0.0821917808219178, 0.09333333333333334, 0.08139534883720931, 0.13157894736842105, 0.1232876712328767, 0.0759493670886076, 0.14285714285714285, 0.07407407407407407, 0.12, 0.0967741935483871, 0.0821917808219178], [0.11214953271028037, 0.14953271028037382, 0.1188118811881188, 0.05504587155963303, 0.12264150943396226, 0.07766990291262135, 0.75, 0.12631578947368421, 0.07142857142857142, 0.05555555555555555, 0.08080808080808081, 0.04395604395604396, 1.0, 0.06451612903225806, 0.13333333333333333, 0.0625, 0.15217391304347827, 0.07216494845360824, 0.1411764705882353, 0.14893617021276595, 0.05813953488372093, 0.08139534883720931, 0.13414634146341464, 0.11214953271028037, 0.1111111111111111, 0.07476635514018691, 0.12264150943396226, 0.11214953271028037, 0.06481481481481481, 0.11304347826086956, 0.12264150943396226, 0.1414141414141414, 0.12264150943396226, 0.11214953271028037, 0.09090909090909091, 0.09345794392523364, 0.06666666666666667, 0.07, 0.08653846153846154, 0.08080808080808081, 0.6052631578947368, 0.07142857142857142, 0.10309278350515463, 0.10309278350515463, 0.06796116504854369, 0.1, 0.0761904761904762, 0.07920792079207921, 0.07692307692307693, 0.10638297872340426, 0.14583333333333334, 0.09803921568627451, 0.0707070707070707, 0.12, 0.09900990099009901, 0.1, 0.8307692307692308, 0.06060606060606061, 0.06796116504854369, 0.17582417582417584, 0.3617021276595745, 0.17582417582417584, 0.6111111111111112, 0.07291666666666667, 0.08163265306122448, 0.08247422680412371, 0.09375, 0.5357142857142857, 0.08737864077669903, 0.09278350515463918, 0.6142857142857143, 0.06315789473684211, 0.12612612612612611, 0.09782608695652174, 0.09375, 0.12, 0.09090909090909091, 0.08823529411764706, 0.16129032258064516, 0.10309278350515463, 0.042105263157894736, 0.07, 0.07920792079207921, 0.13541666666666666, 0.5172413793103449, 0.782608695652174, 0.17204301075268819, 0.5294117647058824, 0.14678899082568808, 0.07547169811320754, 0.09, 0.09278350515463918, 0.5714285714285714, 0.0784313725490196, 0.22580645161290322, 0.11214953271028037, 0.09375, 0.07216494845360824, 0.5365853658536586, 0.043478260869565216, 0.15151515151515152, 0.15384615384615385, 0.13978494623655913, 0.09473684210526316, 0.1935483870967742, 0.0891089108910891, 0.16304347826086957, 0.10101010101010101, 0.06382978723404255, 0.20833333333333334, 0.09615384615384616, 0.13, 0.09375, 0.08, 0.13592233009708737, 0.16483516483516483, 0.2222222222222222, 0.17391304347826086, 0.125, 0.13725490196078433, 0.379746835443038, 0.7941176470588235, 0.21348314606741572, 0.07216494845360824, 0.07216494845360824, 0.09565217391304348, 0.16494845360824742, 0.15625, 0.0784313725490196, 0.15, 0.16483516483516483, 0.14736842105263157, 0.1650485436893204, 0.0761904761904762, 0.07920792079207921, 0.14285714285714285, 0.07, 0.14, 0.09210526315789473, 0.14457831325301204, 0.15217391304347827], [0.11627906976744186, 0.07526881720430108, 0.3235294117647059, 0.12195121951219512, 0.1566265060240964, 0.14285714285714285, 0.061855670103092786, 0.16666666666666666, 0.15492957746478872, 0.2857142857142857, 0.1506849315068493, 0.6744186046511628, 0.06451612903225806, 1.0, 0.0821917808219178, 0.16176470588235295, 0.12162162162162163, 0.125, 0.1746031746031746, 0.08974358974358974, 0.07936507936507936, 0.07692307692307693, 0.07692307692307693, 0.11627906976744186, 0.12790697674418605, 0.13580246913580246, 0.10344827586206896, 0.11627906976744186, 0.12195121951219512, 0.12903225806451613, 0.10344827586206896, 0.1111111111111111, 0.10344827586206896, 0.10344827586206896, 0.14864864864864866, 0.16049382716049382, 0.3283582089552239, 0.18309859154929578, 0.5, 0.18309859154929578, 0.05319148936170213, 0.36666666666666664, 0.1506849315068493, 0.1506849315068493, 0.17567567567567569, 0.14473684210526316, 0.16883116883116883, 0.1780821917808219, 0.4423076923076923, 0.15714285714285714, 0.1917808219178082, 0.14102564102564102, 0.136986301369863, 0.18666666666666668, 0.1891891891891892, 0.1917808219178082, 0.06666666666666667, 0.5471698113207547, 0.17567567567567569, 0.13513513513513514, 0.06060606060606061, 0.16666666666666666, 0.06896551724137931, 0.15942028985507245, 0.136986301369863, 0.15492957746478872, 0.1388888888888889, 0.04950495049504951, 0.17105263157894737, 0.1527777777777778, 0.058823529411764705, 0.18181818181818182, 0.14606741573033707, 0.18181818181818182, 0.20588235294117646, 0.5614035087719298, 0.6346153846153846, 0.3333333333333333, 0.1643835616438356, 0.5849056603773585, 0.6170212765957447, 0.6153846153846154, 0.5925925925925926, 0.11688311688311688, 0.04807692307692308, 0.06382978723404255, 0.08860759493670886, 0.049019607843137254, 0.13333333333333333, 0.16666666666666666, 0.14666666666666667, 0.1527777777777778, 0.053763440860215055, 0.16, 0.10975609756097561, 0.12941176470588237, 0.64, 0.6875, 0.05102040816326531, 0.6590909090909091, 0.08333333333333333, 0.0898876404494382, 0.12162162162162163, 0.15714285714285714, 0.08641975308641975, 0.10126582278481013, 0.09090909090909091, 0.19444444444444445, 0.54, 0.10714285714285714, 0.5423728813559322, 0.5, 0.5769230769230769, 0.5454545454545454, 0.14634146341463414, 0.10666666666666667, 0.10112359550561797, 0.14864864864864866, 0.11904761904761904, 0.08139534883720931, 0.08860759493670886, 0.06451612903225806, 0.08974358974358974, 0.17391304347826086, 0.14084507042253522, 0.2716049382716049, 0.0975609756097561, 0.11392405063291139, 0.14473684210526316, 0.10843373493975904, 0.09210526315789473, 0.11688311688311688, 0.07777777777777778, 0.15384615384615385, 0.14666666666666667, 0.1125, 0.13513513513513514, 0.08333333333333333, 0.09090909090909091, 0.14285714285714285, 0.09210526315789473], [0.11235955056179775, 0.09574468085106383, 0.09411764705882353, 0.06741573033707865, 0.125, 0.10975609756097561, 0.13978494623655913, 0.07407407407407407, 0.11842105263157894, 0.08695652173913043, 0.07407407407407407, 0.056338028169014086, 0.13333333333333333, 0.0821917808219178, 1.0, 0.10810810810810811, 0.10256410256410256, 0.06329113924050633, 0.1323529411764706, 0.07317073170731707, 0.12698412698412698, 0.08955223880597014, 0.5869565217391305, 0.11235955056179775, 0.1111111111111111, 0.07954545454545454, 0.11235955056179775, 0.11235955056179775, 0.07954545454545454, 0.14893617021276595, 0.11235955056179775, 0.12048192771084337, 0.11235955056179775, 0.11235955056179775, 0.07317073170731707, 0.12790697674418605, 0.06976744186046512, 0.10126582278481013, 0.08139534883720931, 0.11538461538461539, 0.13333333333333333, 0.0759493670886076, 0.07407407407407407, 0.07407407407407407, 0.0975609756097561, 0.0975609756097561, 0.09411764705882353, 0.12658227848101267, 0.0684931506849315, 0.07692307692307693, 0.15384615384615385, 0.06976744186046512, 0.075, 0.12195121951219512, 0.12345679012345678, 0.1111111111111111, 0.125, 0.0625, 0.0975609756097561, 0.10126582278481013, 0.1134020618556701, 0.11538461538461539, 0.1566265060240964, 0.09210526315789473, 0.08860759493670886, 0.0759493670886076, 0.1038961038961039, 0.14736842105263157, 0.09523809523809523, 0.06172839506172839, 0.17721518987341772, 0.125, 0.15384615384615385, 0.0945945945945946, 0.0625, 0.09523809523809523, 0.1, 0.07058823529411765, 0.11392405063291139, 0.07407407407407407, 0.039473684210526314, 0.07407407407407407, 0.07228915662650602, 0.09876543209876543, 0.13131313131313133, 0.15730337078651685, 0.09876543209876543, 0.14583333333333334, 0.193181818